A = [-1.2;0.3];
B = [-1.1;0.9];
D = [-0.4;0.5];
E = [-0.4;0.8];
F = [0.6;0.9];
G = [0.1;0.6];
H = [0.3;-0.2];
J = [-0.4;0.9];
K = [-1.3;0.7];
M = [-0.1;0.2];
N = [0.5;0];
O = [0.5;0.5];
R = [0.4;0.5];

c0 = [0;0];
c1 = [-1.2;0.6];
c2 = [-0.7;0.85];
c3 = [0.4;0.65];
c4 = [-0.35;0.4];
c5 = [0.1;0.9];
c6 = [-0.4;0.65];
c7 = [0.15;0.4];
c8 = [0.25;0];
c9 = [0.05;0.15];
c10= [0.35;0.05];

SA03 = R - c0;   % A B D E F G H J K M N O R             
SB03 = R - c3; 

SA08 = H - c0;
SB08 = H - c8; 


SA010 = N - c0;
SB010 = N - c10;

SA34 = O - c3;
SB34 = O - c4;

SA46 = D - c4;
SB46 = D - c6;

SA37 = G - c3;
SB37 = G - c7;

SA12 = B - c1;
SB12 = B - c2;

SA14 = A - c1;
SB14 = A - c4;

SA49 = M - c4;
SB49 = M - c9;

SA26 = E - c2;
SB26 = E - c6;

SA35 = F - c3;
SB35 = F - c5;

SA25 = J - c2;
SB25 = J - c5;

SA78 = G - c7;
SB78 = G - c8;

SA910 = M - c9;
SB910 = M - c10;
